0.45000000 	 1.01296830e+05
0.44887500 	 1.01296555e+05
0.44680500 	 1.01295866e+05
0.44419500 	 1.01294901e+05
0.44109000 	 1.01293798e+05
0.43762500 	 1.01292558e+05
0.43384500 	 1.01291042e+05
0.42975000 	 1.01289526e+05
0.42543000 	 1.01287735e+05
0.42084000 	 1.01285667e+05
0.41607000 	 1.01283462e+05
0.41112000 	 1.01280982e+05
0.40599000 	 1.01278363e+05
0.40068000 	 1.01275332e+05
0.39523500 	 1.01272024e+05
0.38970000 	 1.01268441e+05
0.38398500 	 1.01264307e+05
0.37818000 	 1.01259621e+05
0.37228500 	 1.01254108e+05
0.36630000 	 1.01251077e+05
0.36022500 	 1.01250939e+05
0.35406000 	 1.01250939e+05
0.34785000 	 1.01250801e+05
0.34159500 	 1.01250663e+05
0.33525000 	 1.01250525e+05
0.32886000 	 1.01250525e+05
0.32242500 	 1.01250387e+05
0.31599000 	 1.01250250e+05
0.30951000 	 1.01250112e+05
0.30298500 	 1.01249974e+05
0.29646000 	 1.01249836e+05
0.28989000 	 1.01249698e+05
0.28336500 	 1.01249423e+05
0.27679500 	 1.01249285e+05
0.27022500 	 1.01249009e+05
0.26370000 	 1.01248872e+05
0.25713000 	 1.01248596e+05
0.25060500 	 1.01248182e+05
0.24408000 	 1.01247907e+05
0.23760000 	 1.01247493e+05
0.23112000 	 1.01246942e+05
0.22468500 	 1.01246529e+05
0.21825000 	 1.01245840e+05
0.21190500 	 1.01245151e+05
0.20556000 	 1.01244324e+05
0.19926000 	 1.01243497e+05
0.19300500 	 1.01242394e+05
0.18684000 	 1.01241154e+05
0.18067500 	 1.01239776e+05
0.17460000 	 1.01238260e+05
0.16857000 	 1.01236606e+05
0.16258500 	 1.01234815e+05
0.15669000 	 1.01232747e+05
0.15088500 	 1.01230680e+05
0.14512500 	 1.01228475e+05
0.13945500 	 1.01226270e+05
0.13383000 	 1.01224065e+05
0.12829500 	 1.01221998e+05
0.12285000 	 1.01219931e+05
0.11749500 	 1.01218002e+05
0.11223000 	 1.01216072e+05
0.10705500 	 1.01214418e+05
0.10197000 	 1.01212902e+05
0.09697500 	 1.01211524e+05
0.09207000 	 1.01210284e+05
0.08725500 	 1.01209182e+05
0.08257500 	 1.01208217e+05
0.07798500 	 1.01207528e+05
0.07353000 	 1.01206839e+05
0.06916500 	 1.01206425e+05
0.06489000 	 1.01206150e+05
0.06075000 	 1.01206012e+05
0.05674500 	 1.01206012e+05
0.05283000 	 1.01206288e+05
0.04905000 	 1.01206563e+05
0.04536000 	 1.01207252e+05
0.04185000 	 1.01207941e+05
0.03843000 	 1.01208906e+05
0.03514500 	 1.01210146e+05
0.03204000 	 1.01211662e+05
0.02902500 	 1.01213454e+05
0.02614500 	 1.01215659e+05
0.02340000 	 1.01218139e+05
0.02083500 	 1.01221033e+05
0.01836000 	 1.01224479e+05
0.01606500 	 1.01228613e+05
0.01390500 	 1.01233437e+05
0.01188000 	 1.01239225e+05
0.01003500 	 1.01246115e+05
0.00832500 	 1.01254522e+05
0.00675000 	 1.01264444e+05
0.00535500 	 1.01276572e+05
0.00414000 	 1.01291318e+05
0.00301500 	 1.01308682e+05
0.00211500 	 1.01329354e+05
0.00135000 	 1.01352782e+05
0.00076500 	 1.01378277e+05
0.00036000 	 1.01403635e+05
0.00009000 	 1.01425547e+05
0.00000000 	 1.01440431e+05
0.00009000 	 1.01445117e+05
0.00036000 	 1.01439191e+05
0.00076500 	 1.01424720e+05
0.00135000 	 1.01405013e+05
0.00211500 	 1.01383652e+05
0.00301500 	 1.01363256e+05
0.00414000 	 1.01345065e+05
0.00535500 	 1.01329630e+05
0.00675000 	 1.01316813e+05
0.00832500 	 1.01306339e+05
0.01003500 	 1.01297795e+05
0.01188000 	 1.01291042e+05
0.01390500 	 1.01285667e+05
0.01606500 	 1.01281258e+05
0.01836000 	 1.01277812e+05
0.02083500 	 1.01275194e+05
0.02340000 	 1.01273127e+05
0.02614500 	 1.01271473e+05
0.02902500 	 1.01270232e+05
0.03204000 	 1.01269406e+05
0.03514500 	 1.01268717e+05
0.03843000 	 1.01268441e+05
0.04185000 	 1.01268165e+05
0.04536000 	 1.01268165e+05
0.04905000 	 1.01268303e+05
0.05283000 	 1.01268579e+05
0.05674500 	 1.01268854e+05
0.06075000 	 1.01269268e+05
0.06489000 	 1.01269819e+05
0.06916500 	 1.01270370e+05
0.07353000 	 1.01270922e+05
0.07798500 	 1.01271611e+05
0.08257500 	 1.01272300e+05
0.08725500 	 1.01272989e+05
0.09207000 	 1.01273678e+05
0.09697500 	 1.01274367e+05
0.10197000 	 1.01275194e+05
0.10705500 	 1.01275883e+05
0.11223000 	 1.01276710e+05
0.11749500 	 1.01277399e+05
0.12285000 	 1.01278088e+05
0.12829500 	 1.01278915e+05
0.13383000 	 1.01279604e+05
0.13945500 	 1.01280293e+05
0.14512500 	 1.01280982e+05
0.15088500 	 1.01281671e+05
0.15669000 	 1.01282222e+05
0.16258500 	 1.01282773e+05
0.16857000 	 1.01283325e+05
0.17460000 	 1.01283876e+05
0.18067500 	 1.01284289e+05
0.18684000 	 1.01284703e+05
0.19300500 	 1.01284978e+05
0.19926000 	 1.01285530e+05
0.20556000 	 1.01285943e+05
0.21190500 	 1.01286357e+05
0.21825000 	 1.01286770e+05
0.22468500 	 1.01287183e+05
0.23112000 	 1.01287735e+05
0.23760000 	 1.01288148e+05
0.24408000 	 1.01288699e+05
0.25060500 	 1.01289113e+05
0.25713000 	 1.01289526e+05
0.26370000 	 1.01289940e+05
0.27022500 	 1.01290491e+05
0.27679500 	 1.01290904e+05
0.28336500 	 1.01291318e+05
0.28989000 	 1.01291731e+05
0.29646000 	 1.01292145e+05
0.30298500 	 1.01292558e+05
0.30951000 	 1.01292834e+05
0.31599000 	 1.01293247e+05
0.32242500 	 1.01293523e+05
0.32886000 	 1.01293936e+05
0.33525000 	 1.01294212e+05
0.34159500 	 1.01294488e+05
0.34785000 	 1.01294763e+05
0.35406000 	 1.01295039e+05
0.36022500 	 1.01295314e+05
0.36630000 	 1.01295590e+05
0.37228500 	 1.01295866e+05
0.37818000 	 1.01296003e+05
0.38398500 	 1.01296279e+05
0.38970000 	 1.01296417e+05
0.39523500 	 1.01296555e+05
0.40068000 	 1.01296693e+05
0.40599000 	 1.01296830e+05
0.41112000 	 1.01296968e+05
0.41607000 	 1.01297106e+05
0.42084000 	 1.01297244e+05
0.42543000 	 1.01297244e+05
0.42975000 	 1.01297244e+05
0.43384500 	 1.01297244e+05
0.43762500 	 1.01297244e+05
0.44109000 	 1.01297244e+05
0.44419500 	 1.01297244e+05
0.44680500 	 1.01297106e+05
0.44887500 	 1.01297106e+05
0.45000000 	 1.01296830e+05